Homes:
  2b97c73b-bbaf-3ba0-b3dc-a142fa431aa5:
    X: 239.09262001993062
    Y: 69.0
    Z: -31.515839928488724
    Yaw: 11.059547
    Pitch: 7.268388
    World: world
  b1e97a78-740d-3a70-833a-6a400e763a8f:
    X: 379.69999998807907
    Y: 10.0
    Z: -80.02678667709982
    Yaw: -272.97266
    Pitch: 16.454395
    World: world
  dfbb98a7-27cb-38e4-aeb9-e227df1f397a:
    X: 183.58603713431813
    Y: 67.0
    Z: -496.30000001192093
    Yaw: -68.96948
    Pitch: 10.500141
    World: world
